5 80 708.981540362 708.981540362
10 10 10 10 10 10
7.2 7.8 6.6 6.0 5.9 0.083422 0.1863495 0.0159256 0.0829827 1.0460383 1.1489658
5 80 634.132367617 634.132367617
10 10 10 10 10 10
9.1 9.3 7.2 6.3 6.2 0.6064662 0.8166023 0.111624 0.5223161 1.6237418 1.8338779
5 80 578.881003647 578.881003647
10 6 6 6 6 6
13.6666666667 11.3333333333 11.3333333333 8.0 6.33333333333 2.00630416667 1.760815 0.941736166667 61.6836326667 3.01796866667 2.7724795
7 80 838.878271506 838.878271506
10 10 10 10 10 10
10.6 9.4 8.5 7.8 7.8 1.6181585 1.239078 0.0517459 0.0603416 8.1346261 7.7555456
7 80 750.315535974 750.315535974
10 8 8 8 8 8
13.625 12.5 11.5 8.625 8.25 6.65347025 5.79264475 0.469232 3.893698875 15.4697915 14.608966
7 80 684.941240499 684.941240499
10 0 0 0 0 0
-0.0 -0.0 -0.0 -0.0 -0.0 -0.0 -0.0 -0.0 -0.0 -0.0 -0.0
9 80 951.198551425 951.198551425
10 10 10 10 10 10
11.9 11.8 12.1 10.0 10.0 1.8193942 2.7429924 0.2717345 4.2770731 72.5432406 73.4668388
9 80 850.777848435 850.777848435
10 7 7 7 7 7
13.7142857143 16.2857142857 13.4285714286 10.4285714286 10.0 13.765811 17.9791592857 1.06701685714 7.29145314286 70.5119847143 74.725333
9 80 776.650365022 776.650365022
10 0 0 0 0 0
-0.0 -0.0 -0.0 -0.0 -0.0 -0.0 -0.0 -0.0 -0.0 -0.0 -0.0
11 80 1051.5895654 1051.5895654
10 8 8 8 8 8
14.5 14.5 13.375 12.125 12.125 4.52435725 4.5055605 0.57793975 40.583808625 437.707034875 437.688238125
11 80 940.570301068 940.570301068
10 3 3 3 3 3
13.3333333333 13.6666666667 13.3333333333 12.3333333333 12.0 7.216777 10.9298626667 0.766726000002 48.4682106667 675.470204 679.183289667
11 80 858.61928469 858.61928469
10 0 0 0 0 0
-0.0 -0.0 -0.0 -0.0 -0.0 -0.0 -0.0 -0.0 -0.0 -0.0 -0.0
