13 80 1143.19838344 1143.19838344
10 0 0 10 0 0
-0.0 -0.0 16.0 -0.0 -0.0 -0.0 -0.0 2.2949444 -0.0 -0.0 -0.0
13 80 1022.50771885 1022.50771885
10 0 0 10 0 0
-0.0 -0.0 19.1 -0.0 -0.0 -0.0 -0.0 57.4568114 -0.0 -0.0 -0.0
13 80 933.417571399 933.417571399
10 0 0 5 0 0
-0.0 -0.0 21.8 -0.0 -0.0 -0.0 -0.0 94.4435862 -0.0 -0.0 -0.0
15 80 1227.99204954 1227.99204954
10 0 0 10 0 0
-0.0 -0.0 16.4 -0.0 -0.0 -0.0 -0.0 0.6352241 -0.0 -0.0 -0.0
15 80 1098.34947944 1098.34947944
10 0 0 10 0 0
-0.0 -0.0 22.5 -0.0 -0.0 -0.0 -0.0 66.4897458 -0.0 -0.0 -0.0
15 80 1002.65130985 1002.65130985
10 0 0 3 0 0
-0.0 -0.0 29.6666666667 -0.0 -0.0 -0.0 -0.0 273.785637 -0.0 -0.0 -0.0
17 80 1307.29736615 1307.29736615
10 0 0 10 0 0
-0.0 -0.0 19.0 -0.0 -0.0 -0.0 -0.0 2.0144415 -0.0 -0.0 -0.0
17 80 1169.28231101 1169.28231101
10 0 0 7 0 0
-0.0 -0.0 26.4285714286 -0.0 -0.0 -0.0 -0.0 83.8811145714 -0.0 -0.0 -0.0
17 80 1067.40382972 1067.40382972
10 0 0 3 0 0
-0.0 -0.0 23.6666666667 -0.0 -0.0 -0.0 -0.0 62.3866533333 -0.0 -0.0 -0.0
19 80 1382.05945364 1382.05945364
10 0 0 10 0 0
-0.0 -0.0 20.7 -0.0 -0.0 -0.0 -0.0 6.9997091 -0.0 -0.0 -0.0
19 80 1236.15155491 1236.15155491
10 0 0 7 0 0
-0.0 -0.0 26.2857142857 -0.0 -0.0 -0.0 -0.0 65.4056792857 -0.0 -0.0 -0.0
19 80 1128.44681853 1128.44681853
