25 80 1417.96308072 1417.96308072
1 1 1 0 0 0
37.0 33.0 -0.0 -0.0 -0.0 
40.747296 115.531236 -0.0 -0.0 -0.0
25 80 1417.96308072 1417.96308072
1 1 0 1 1 0
46.0 -0.0 42.0 34.0 -0.0 
34.935444 -0.0 36.274181 142.905984 -0.0
25 80 1417.96308072 1417.96308072
1 0 0 0 0 0
-0.0 -0.0 -0.0 -0.0 -0.0 
-0.0 -0.0 -0.0 -0.0 -0.0
25 80 1417.96308072 1417.96308072
1 1 0 1 1 1
96.0 -0.0 36.0 30.0 26.0 
246.681203 -0.0 311.691553 10.491028 87.352863
25 80 1417.96308072 1417.96308072
1 1 1 1 1 0
29.0 59.0 31.0 32.0 -0.0 
19.056109 251.849058 72.223489 2.077879 -0.0
25 80 1417.96308072 1417.96308072
1 1 1 1 1 0
39.0 35.0 37.0 28.0 -0.0 
41.524871 37.217487 22.749229 70.700064 -0.0
25 80 1417.96308072 1417.96308072
1 1 1 0 0 0
75.0 74.0 -0.0 -0.0 -0.0 
81.627491 196.511086 -0.0 -0.0 -0.0
25 80 1417.96308072 1417.96308072
1 1 1 0 0 0
59.0 34.0 -0.0 -0.0 -0.0 
87.812078 27.022843 -0.0 -0.0 -0.0
25 80 1417.96308072 1417.96308072
1 1 1 0 1 0
56.0 46.0 -0.0 41.0 -0.0 
95.926556 176.194009 -0.0 229.685651 -0.0
25 80 1417.96308072 1417.96308072
1 1 0 0 1 0
115.0 -0.0 -0.0 37.0 -0.0 
160.739999 -0.0 -0.0 484.178106 -0.0
