25 80 1585.33091904 1585.33091904
1 0 0 0 1 0
-0.0 -0.0 -0.0 29.0 -0.0 
-0.0 -0.0 -0.0 534.420116 -0.0
25 80 1585.33091904 1585.33091904
1 1 1 1 1 1
25.0 25.0 25.0 25.0 25.0 
37.568823 37.347288 37.454625 19.926158 0.0396959999998
25 80 1585.33091904 1585.33091904
1 1 1 1 1 0
34.0 37.0 33.0 27.0 -0.0 
71.891308 28.737062 128.040604 19.317101 -0.0
25 80 1585.33091904 1585.33091904
1 1 1 1 1 1
27.0 26.0 27.0 26.0 26.0 
36.197508 43.989506 44.043487 14.435858 5.392746
25 80 1585.33091904 1585.33091904
1 1 1 1 1 1
35.0 61.0 31.0 27.0 26.0 
61.644769 92.89744 60.405248 5.559586 36.281606
25 80 1585.33091904 1585.33091904
1 1 0 0 1 0
39.0 -0.0 -0.0 33.0 -0.0 
108.816983 -0.0 -0.0 72.78199 -0.0
25 80 1585.33091904 1585.33091904
1 0 0 0 1 0
-0.0 -0.0 -0.0 26.0 -0.0 
-0.0 -0.0 -0.0 835.60999 -0.0
25 80 1585.33091904 1585.33091904
1 1 1 1 1 0
28.0 27.0 28.0 29.0 -0.0 
26.721179 27.414651 46.81333 50.488623 -0.0
25 80 1585.33091904 1585.33091904
1 1 1 1 1 1
28.0 27.0 31.0 26.0 26.0 
50.590408 133.726502 84.120147 6.662278 597.797438
25 80 1585.33091904 1585.33091904
1 1 1 1 1 1
31.0 27.0 30.0 27.0 26.0 
347.022808 109.34454 976.310689 14.280875 220.137302
