25 80 1585.33091904 1585.33091904
1 1 1 1
25.0 25.0 25.0 
3.185147 3.168417 0.074186
25 80 1585.33091904 1585.33091904
1 0 0 1
-0.0 -0.0 25.0 
-0.0 -0.0 2.004004
25 80 1585.33091904 1585.33091904
1 1 1 0
28.0 28.0 -0.0 
11.851682 22.978859 -0.0
25 80 1585.33091904 1585.33091904
1 1 1 1
25.0 25.0 25.0 
38.586965 38.379061 5.837838
25 80 1585.33091904 1585.33091904
1 1 1 0
27.0 27.0 -0.0 
18.563968 17.377276 -0.0
25 80 1585.33091904 1585.33091904
1 1 1 1
25.0 25.0 25.0 
54.270698 54.047206 0.623507
25 80 1585.33091904 1585.33091904
1 1 1 1
25.0 25.0 25.0 
488.126747 478.259764 23.90231
25 80 1585.33091904 1585.33091904
1 1 1 0
26.0 26.0 -0.0 
65.654711 61.039525 -0.0
25 80 1585.33091904 1585.33091904
1 1 1 1
26.0 26.0 26.0 
4.628409 3.499696 60.466723
25 80 1585.33091904 1585.33091904
1 1 1 1
29.0 29.0 26.0 
10.474342 7.104801 9.26449
