20 80 1268.26473523 1268.26473523
1 1 1 0 0 0
105.0 52.0 -0.0 -0.0 -0.0 
246.006092 245.735299 -0.0 -0.0 -0.0
20 80 1268.26473523 1268.26473523
1 1 1 1 1 1
22.0 27.0 32.0 21.0 21.0 
9.341898 16.502421 11.625287 2.152493 0.303463
20 80 1268.26473523 1268.26473523
1 1 1 0 0 0
68.0 73.0 -0.0 -0.0 -0.0 
63.97721 134.055529 -0.0 -0.0 -0.0
20 80 1268.26473523 1268.26473523
1 0 0 0 0 0
-0.0 -0.0 -0.0 -0.0 -0.0 
-0.0 -0.0 -0.0 -0.0 -0.0
20 80 1268.26473523 1268.26473523
1 1 1 0 1 1
61.0 38.0 -0.0 24.0 22.0 
65.030341 25.88344 -0.0 3.841368 997.096543
20 80 1268.26473523 1268.26473523
1 0 1 0 1 0
-0.0 32.0 -0.0 26.0 -0.0 
-0.0 46.177415 -0.0 36.950259 -0.0
20 80 1268.26473523 1268.26473523
1 1 1 0 1 0
108.0 72.0 -0.0 29.0 -0.0 
102.050534 110.365625 -0.0 52.581009 -0.0
20 80 1268.26473523 1268.26473523
1 1 1 0 1 0
31.0 76.0 -0.0 30.0 -0.0 
12.720973 54.371995 -0.0 768.488938 -0.0
20 80 1268.26473523 1268.26473523
1 1 1 0 1 0
48.0 52.0 -0.0 25.0 -0.0 
45.177591 55.993727 -0.0 23.680832 -0.0
20 80 1268.26473523 1268.26473523
1 1 1 0 1 1
30.0 67.0 -0.0 22.0 21.0 
35.36101 120.068339 -0.0 4.268243 92.178258
