20 80 1268.26473523 1268.26473523
1 1 1 1 0
32.0 37.0 41.0 -0.0 
65.098655 165.321567 104.355759 -0.0
20 80 1268.26473523 1268.26473523
1 1 1 1 0
27.0 26.0 28.0 -0.0 
21.923235 4.722117 40.084889 -0.0
20 80 1268.26473523 1268.26473523
1 0 1 1 0
-0.0 30.0 40.0 -0.0 
-0.0 11.419129 96.761002 -0.0
20 80 1268.26473523 1268.26473523
1 1 1 1 0
26.0 34.0 33.0 -0.0 
276.182162 74.30442 5.462076 -0.0
20 80 1268.26473523 1268.26473523
1 1 1 1 0
31.0 32.0 38.0 -0.0 
118.222175 31.270812 129.133342 -0.0
20 80 1268.26473523 1268.26473523
1 1 1 1 0
32.0 31.0 39.0 -0.0 
82.833019 56.222806 14.19477 -0.0
20 80 1268.26473523 1268.26473523
1 1 1 1 0
27.0 29.0 27.0 -0.0 
3.494279 19.165998 2.712293 -0.0
20 80 1268.26473523 1268.26473523
1 1 1 1 1
29.0 27.0 31.0 22.0 
43.941695 7.137634 71.379567 665.271361
20 80 1268.26473523 1268.26473523
1 1 1 1 0
25.0 28.0 32.0 -0.0 
56.983431 66.17411 93.718173 -0.0
20 80 1268.26473523 1268.26473523
1 1 1 1 0
25.0 24.0 31.0 -0.0 
167.547031 42.314845 8.595947 -0.0
