25 80 1585.33091904 1585.33091904
1 1 1 1 0
28.0 31.0 33.0 -0.0 
11.103789 71.965312 4.670135 -0.0
25 80 1585.33091904 1585.33091904
1 1 1 1 1
27.0 27.0 32.0 26.0 
48.295397 2.969197 6.437553 291.327483
25 80 1585.33091904 1585.33091904
1 1 1 1 0
26.0 26.0 26.0 -0.0 
31.02628 30.303285 19.91159 -0.0
25 80 1585.33091904 1585.33091904
1 1 1 1 0
31.0 37.0 34.0 -0.0 
18.607245 5.30471 22.962513 -0.0
25 80 1585.33091904 1585.33091904
1 1 1 1 1
26.0 30.0 26.0 26.0 
17.416609 8.717555 8.767762 12.607976
25 80 1585.33091904 1585.33091904
1 1 1 1 1
26.0 28.0 26.0 26.0 
14.426064 26.994346 13.922365 111.162863
25 80 1585.33091904 1585.33091904
1 1 1 1 0
27.0 29.0 37.0 -0.0 
205.256389 145.299882 128.088478 -0.0
25 80 1585.33091904 1585.33091904
1 1 1 1 1
25.0 25.0 25.0 25.0 
314.878836 311.993669 312.825 47.34573
25 80 1585.33091904 1585.33091904
1 1 1 1 1
25.0 25.0 25.0 25.0 
45.860972 45.261881 45.350243 0.0493689999994
25 80 1585.33091904 1585.33091904
1 1 1 1 1
25.0 25.0 25.0 25.0 
185.79877 185.09057 186.822499 23.523532
