25 80 1585.33091904 1585.33091904
1 1 1 1 1 1
33.0 47.0 35.0 32.0 27.0 
52.212809 154.008506 64.708772 33.936011 388.002737
25 80 1585.33091904 1585.33091904
1 0 0 0 1 0
-0.0 -0.0 -0.0 26.0 -0.0 
-0.0 -0.0 -0.0 37.930788 -0.0
25 80 1585.33091904 1585.33091904
1 1 1 1 1 1
29.0 27.0 28.0 26.0 26.0 
88.564903 55.862191 81.672781 17.880985 19.171149
25 80 1585.33091904 1585.33091904
1 0 0 0 1 1
-0.0 -0.0 -0.0 26.0 26.0 
-0.0 -0.0 -0.0 603.875762 1.735332
25 80 1585.33091904 1585.33091904
1 1 1 1 1 1
26.0 26.0 26.0 27.0 26.0 
30.099051 21.860157 18.32827 18.020847 692.339675
25 80 1585.33091904 1585.33091904
1 0 0 0 0 1
-0.0 -0.0 -0.0 -0.0 25.0 
-0.0 -0.0 -0.0 -0.0 0.205701999999
25 80 1585.33091904 1585.33091904
1 1 1 1 1 1
28.0 27.0 27.0 27.0 26.0 
21.104026 14.632548 24.998061 3.385773 456.828563
25 80 1585.33091904 1585.33091904
1 1 1 1 1 1
25.0 25.0 25.0 25.0 25.0 
15.898357 15.828585 15.681858 7.697916 0.328904
25 80 1585.33091904 1585.33091904
1 1 1 1 1 1
25.0 25.0 25.0 25.0 25.0 
115.758393 112.904049 112.691256 78.008101 0.202744999999
25 80 1585.33091904 1585.33091904
1 1 1 1 1 1
26.0 26.0 26.0 27.0 26.0 
100.70408 67.104041 51.000723 20.159326 132.120669
