25 80 1585.33091904 1585.33091904
1 1 1 1 1 0
26.0 28.0 28.0 26.0 29.0 30.0 26.0 
-0.0 -0.0 26.023722 31.495505 38.689191 38.93439 24.141227 43.665495 5.811535
25 80 1585.33091904 1585.33091904
1 1 1 1 1 0
26.0 26.0 26.0 26.0 26.0 26.0 -0.0 
-0.0 -0.0 264.131774 424.610777 392.421557 394.451759 394.610105 395.230088 -0.0
25 80 1585.33091904 1585.33091904
1 1 1 1 1 0
28.0 26.0 29.0 26.0 28.0 26.0 26.0 
-0.0 -0.0 13.713163 10.344733 28.138233 33.065327 13.028133 11.615503 7.152138
25 80 1585.33091904 1585.33091904
1 0 0 0 0 0
-0.0 -0.0 -0.0 -0.0 -0.0 -0.0 25.0 
-0.0 -0.0 -0.0 -0.0 -0.0 -0.0 -0.0 -0.0 0.514687999999
25 80 1585.33091904 1585.33091904
1 1 1 1 1 0
28.0 27.0 28.0 27.0 27.0 30.0 26.0 
-0.0 -0.0 5.304983 1.955873 3.318189 9.028893 12.717948 2.769185 161.940985
25 80 1585.33091904 1585.33091904
1 1 1 1 1 0
26.0 26.0 26.0 27.0 26.0 29.0 26.0 
-0.0 -0.0 34.808254 33.638817 32.810842 30.668179 33.076919 48.48726 521.650255
25 80 1585.33091904 1585.33091904
1 1 1 1 1 0
34.0 32.0 31.0 28.0 30.0 31.0 -0.0 
-0.0 -0.0 102.855533 9.361407 8.837853 15.117354 8.434415 61.53763 -0.0
25 80 1585.33091904 1585.33091904
1 1 1 1 1 0
25.0 25.0 25.0 25.0 25.0 25.0 25.0 
-0.0 -0.0 48.321761 56.980628 56.087228 56.254119 56.364565 56.133938 7.691841
25 80 1585.33091904 1585.33091904
1 1 1 1 1 0
29.0 32.0 28.0 30.0 26.0 30.0 26.0 
-0.0 -0.0 11.722536 34.232728 14.433505 13.836496 2.421577 22.783789 40.326759
25 80 1585.33091904 1585.33091904
1 1 1 1 1 0
34.0 27.0 33.0 32.0 33.0 28.0 -0.0 
-0.0 -0.0 37.793608 11.831719 13.699389 30.54787 9.992101 14.400874 -0.0
